k = 5
Gries_bound = 8, [k, d, n] = [5, 3, 9], x = [ 1 1 0 1 0 0 1 0 0 1 0 0 0 0 0 0 0 0 0 0 0 1 0 0 1 1 0 0 1 0 0]

Gries_bound = 9, [k, d, n] = [5, 4, 10], x = [ 0 0 0 0 0 0 0 1 1 0 1 0 0 1 0 0 0 0 0 1 1 1 1 1 0 0 1 0 0 0 0]

Gries_bound = 12, [k, d, n] = [5, 5, 13], x = [ 0 2 1 0 0 0 0 0 0 1 0 0 1 1 1 0 0 1 0 0 0 0 0 1 0 1 1 0 1 1 0]

Gries_bound = 13, [k, d, n] = [5, 6, 14], x = [ 0 1 1 1 1 1 0 0 0 0 2 1 0 1 0 0 0 0 1 0 0 0 0 1 0 0 1 0 1 0 1]

k = 6
Gries_bound = 10, [k, d, n] = [6, 4, 11], x = [ 0 1 0 0 1 0 0 0 0 1 0 0 0 0 0 0 0 0 0 0 0 0 0 0 0 0 0 0 0 0 0 0 0 0 1 1 1 0 0 0 0 1.000000e+00 0 0 0 0 0 1 1 0 0 1 0 0 0 0 0 1 0 0 0 0 0]

Gries_bound = 14, [k, d, n] = [6, 6, 15], x = [ 0 1.000000e+00 1 0 0 0 0 0 1.000000e+00 0 0 1 0 0 0 0 0 0 0 1 0 0 1 0 0 0 1.000000e+00 1 0 1 0 0 0 0 0 0 0 1 0 0 1 0 0 0 0 0 0 0 1 0 0 1.000000e+00 0 1 0 0 0 0 0 0 0 0 1]

Gries_bound = 16, [k, d, n] = [6, 7, 17], x = [ 0 0 0 0 0 0 0 0 0 1 0 1 0 0 0 1 1 1 0 1 0 0 1 0 0 0 1 0 0 1 1 0 0 0 0 0 0 0 0 0 0 0 0 1 1 0 1 0 1 0 0 0 0 0 0 0 1 1 0 0 1 0 0]

Gries_bound = 17, [k, d, n] = [6, 8, 18], x = [ 0 1 0 0 0 0 0 1 0 0 0 0 0 1 0 1 0 1 0 0 0 0 0 0 0 1 0 0 0 0 0 0 0 2 0 1 0 0 0 0 1 0 0 1 0 0 0 0 1 0 0 0 0 1 1 1 0 1 1 0 1 0 0]

Gries_bound = 25, [k, d, n] = [6, 12, 26], x = [ 0 1 0 0 1 0 1 1 0 1 0 1 0 0 0 1 1 1 0 0 0 0 1 0 0 0 1 0 1 0 0 0 1 1 1 0 1 0 1 0 0 0 0 0 0 1 0 2 0 1 1 0 0 1 1 0 1 0 1 0 0 0 0]

Gries_bound = 29, [k, d, n] = [6, 14, 30], x = [ 0 0 1.000000e+00 0 1.000000e+00 1.000000e+00 0 1 0 1.000000e+00 1 1.000000e+00 0 1 1.000000e+00 1.000000e+00 1 0 0 0 1 0 0 0 1 0 1.000000e+00 0 1 0 0 0 2.000000e+00 1.000000e+00 1 1.000000e+00 1.000000e+00 0 1 0 0 0 0 0 1 0 1 0 0 0 0 1 0 0 1.000000e+00 0 0 0 1.000000e+00 1 0 1 1]


stopped: //*********************************************//
[3,5,9,10,11,13,19,20];

Gries_bound = 9, [k, d, n] = [6, 3, 10], x = [ 1 0 0 0 1 0 0 0 1 0 0 0 0 0 0 0 0 0 0 0 1 1 0 0 0 0 0 0 0 0 1 0 0 0 0 0 0 0 0 0 0 1 0 0 0 0 0 0 1 0 1 1 0 0 0 0 0 0 0 0 0 0 0]

Gries_bound = 13, [k, d, n] = [6, 5, 14], x = [ 0 0 0 1 0 0 0 1 0 0 0 1 0 0 0 1 1 0 0 0 0 1 0 0 0 0 0 0 0 0 1 0 0 0 0 0 0 1 0 0 0 0 0 0 1 0 0 0 1 0 1 0 0 1 0 1 0 0 0 0 0 0 1]

Gries_bound = 21, [k, d, n] = [6, 9, 22], x = [ 1 0 0 1 1 1 0 1 1 1 0 1 0 0 1 0 1 0 0 0 1 0 1 0 1 0 0 0 0 0 0 1 1 0 1 0 0 0 0 0 1 0 0 1 0 0 1 1 0 0 1 0 0 0 0 0 0 0 0 1 0 0 0]

Gries_bound = 22, [k, d, n] = [6, 10, 23], x = [ 1 1 1 1 0 0 0 0 0 0 0 1 0 1 0 0 0 0 1 0 0 0 1 1 1 0 0 0 1 1 0 1 0 0 1 0 1 0 0 1 0 0 0 0 1 0 1 0 0 0 0 1 0 1 1 1 0 0 0 0 1 0 0]

Gries_bound = 24, [k, d, n] = [6, 11, 25], x = [ 0 1 1 0 1 1 0 1 0 0 0 0 0 1 0 1 1 0 0 1 1 1 0 0 0 0 1 0 0 0 0 0 1 0 0 1 0 0 0 1 0 0 1 0 0 0 2 0 0 1 0 0 0 1 0 0 1 1 1 0 1 1 0]

Gries_bound = 28, [k, d, n] = [6, 13, 29], x = [ 0 1 1 0 0 0 1 0 1 0 1 0 0 1 1 1 1 2 1 0 1 0 0 0 0 0 0 1 1 0 0 0 0 1 0 0 0 0 0 0 1 1 0 1 1 0 0 1 0 1 0 0 1 0 1 1 0 0 1 1 1 1 0]

Gries_bound = 40, [k, d, n] = [6, 19, 41], x = [ 1 0 1 0 0 2 1 0 1 1 1 1 0 1 1 2 0 0 0 1 0 1 0 1 0 1 1 1 1 1 1 0 0 1 0 0 0 0 1 2 2 1 0 0 0 0 0 0 0 2 1 0 0 1 1 0 2 1 1 1 1 0 1]

Gries_bound = 41, [k, d, n] = [6, 20, 42], x = [ 0 0 0 2 1 2 1 0 1 2 2 0 0 1 1 1 0 0 1 0 0 0 1 1 0 1 1 1 1 1 2 1 1 1 0 0 0 0 1 1 1 1 0 0 0 1 0 0 1 1 1 0 0 2 0 1 0 0 1 0 1 1 1]
